global Kv1 Kp1 Kv2 Kp2 Kv3 Kp3 Ki Kp Kv
Kp1 =64;
Kv1 = 16;

Kp=200;
Ki=10;
Kv=127;



Kp2 = 64;
Kv2 = 16;

Kp3 = 64;
Kv3 = 16;